recordno,dataset,refrecord,adjustment,note
1,times,27,remove,time record mistake